(11,53) (11,680) 阶为239
(14,65) (14,668) 阶为239
(24,206) (24,527) 阶为239
(28,326) (28,407) 阶为239
(30,71) (30,662) 阶为3
(32,59) (32,674) 阶为239
(38,108) (38,625) 阶为239
(40,315) (40,418) 阶为239
(41,264) (41,469) 阶为239
(45,345) (45,388) 阶为239
(51,105) (51,628) 阶为239
(52,143) (52,590) 阶为239
(54,242) (54,491) 阶为239
(69,250) (69,483) 阶为239
(72,122) (72,611) 阶为239
(76,138) (76,595) 阶为239
(77,261) (77,472) 阶为239
(79,177) (79,556) 阶为239
(94,176) (94,557) 阶为239
(95,258) (95,475) 阶为239
(101,290) (101,443) 阶为239
(111,311) (111,422) 阶为239
(114,161) (114,572) 阶为239
(115,4) (115,729) 阶为239
(117,275) (117,458) 阶为239
(132,239) (132,494) 阶为239
(135,36) (135,697) 阶为239
(142,270) (142,463) 阶为239
(143,88) (143,645) 阶为239
(146,311) (146,422) 阶为239
(158,73) (158,660) 阶为239
(160,324) (160,409) 阶为239
(169,241) (169,492) 阶为239
(177,161) (177,572) 阶为239
(179,269) (179,464) 阶为239
(180,286) (180,447) 阶为239
(181,153) (181,580) 阶为239
(189,23) (189,710) 阶为239
(204,139) (204,594) 阶为239
(219,179) (219,554) 阶为239
(222,320) (222,413) 阶为239
(225,115) (225,618) 阶为239
(231,117) (231,616) 阶为239
(240,258) (240,475) 阶为239
(244,166) (244,567) 阶为239
(249,72) (249,661) 阶为239
(251,75) (251,658) 阶为239
(256,155) (256,578) 阶为239
(261,250) (261,483) 阶为239
(272,182) (272,551) 阶为239
(279,285) (279,448) 阶为239
(302,318) (302,415) 阶为239
(313,17) (313,716) 阶为239
(314,100) (314,633) 阶为239
(316,338) (316,395) 阶为239
(318,113) (318,620) 阶为239
(321,89) (321,644) 阶为239
(337,95) (337,638) 阶为239
(344,130) (344,603) 阶为239
(353,1) (353,732) 阶为239
(361,165) (361,568) 阶为239
(367,71) (367,662) 阶为239
(377,38) (377,695) 阶为239
(379,243) (379,490) 阶为239
(395,134) (395,599) 阶为239
(398,258) (398,475) 阶为239
(403,250) (403,483) 阶为239
(407,246) (407,487) 阶为239
(411,288) (411,445) 阶为239
(412,12) (412,721) 阶为239
(419,172) (419,561) 阶为239
(423,47) (423,686) 阶为239
(424,215) (424,518) 阶为239
(426,240) (426,493) 阶为239
(433,202) (433,531) 阶为239
(434,361) (434,372) 阶为239
(440,302) (440,431) 阶为239
(442,161) (442,572) 阶为239
(456,360) (456,373) 阶为239
(465,192) (465,541) 阶为239
(466,288) (466,445) 阶为239
(469,35) (469,698) 阶为239
(476,311) (476,422) 阶为239
(480,142) (480,591) 阶为239
(482,106) (482,627) 阶为239
(484,355) (484,378) 阶为239
(487,7) (487,726) 阶为239
(490,146) (490,587) 阶为239
(491,45) (491,688) 阶为239
(512,310) (512,423) 阶为239
(519,291) (519,442) 阶为239
(539,155) (539,578) 阶为239
(541,70) (541,663) 阶为239
(543,15) (543,718) 阶为239
(558,156) (558,577) 阶为239
(562,186) (562,547) 阶为239
(570,266) (570,467) 阶为239
(575,189) (575,544) 阶为239
(577,343) (577,390) 阶为239
(587,90) (587,643) 阶为239
(589,288) (589,445) 阶为239
(600,203) (600,530) 阶为239
(601,39) (601,694) 阶为239
(608,14) (608,719) 阶为239
(609,340) (609,393) 阶为239
(637,135) (637,598) 阶为239
(639,306) (639,427) 阶为239
(641,20) (641,713) 阶为239
(646,259) (646,474) 阶为239
(657,4) (657,729) 阶为239
(663,299) (663,434) 阶为239
(667,164) (667,569) 阶为239
(671,155) (671,578) 阶为239
(684,219) (684,514) 阶为239
(694,4) (694,729) 阶为239
(695,86) (695,647) 阶为239
(702,125) (702,608) 阶为239
(704,52) (704,681) 阶为239
(720,268) (720,465) 阶为239
(724,27) (724,706) 阶为239
